What type of transportation problem do you want to use?
1. Pre-made problems (1–12)
2. Generate a random problem (complexity study)
  > 1
Enter problem number (1–12): 12
tab_12.txt

Constraint table:
------------------------------------------------------------------------------------------------------------
        C1    C2    C3    C4    C5    C6    C7    C8    C9   C10   C11   C12   C13   C14   C15   C16  Supply
------------------------------------------------------------------------------------------------------------
  P1   186   185   184   183   182   181   180   179   178   177   176   175   174   173   172   171   160
  P2   166   165   164   163   162   161   160   159   158   157   156   155   154   153   152   151   160
  P3   156   155   154   153   152   151   150   149   148   147   146   145   144   143   142   141   160
  P4   136   135   134   133   132   131   130   129   128   127   126   125   124   123   122   121   160
  P5   116   115   114   113   112   111   110   109   108   107   106   105   104   103   102   101   160
  P6    96    95    94    93    92    91    90    89    88    87    86    85    84    83    82    81   160
  P7    76    75    74    73    72    71    70    69    68    67    66    65    64    63    62    61   160
  P8    56    55    54    53    52    51    50    49    48    47    46    45    44    43    42    41   160
  P9    36    35    34    33    32    31    30    29    28    27    26    25    24    23    22    21   160
 P10    16    15    14    13    12    11    10    9     8     7     6     5     4     3     2     1    160
------------------------------------------------------------------------------------------------------------
Demand 100   100   100   100   100   100   100   100   100   100   100   100   100   100   100   100
------------------------------------------------------------------------------------------------------------

[Equilibrium] Supply equals demand

Which algorithm should be used to build the initial proposal?
1. North-West
2. Balas-Hammer
  > 2

[Balas-Hammer] Initial proposal built.

Initial transport proposal:
------------------------------------------------------------------------------------------------------------------------------------------------
           C1      C2      C3      C4      C5      C6      C7      C8      C9     C10     C11     C12     C13     C14     C15     C16    Supply
------------------------------------------------------------------------------------------------------------------------------------------------
   P1     100      60      0       0       0       0       0       0       0       0       0       0       0       0       0       0      160
   P2      0       40     100      20      0       0       0       0       0       0       0       0       0       0       0       0      160
   P3      0       0       0       80      80      0       0       0       0       0       0       0       0       0       0       0      160
   P4      0       0       0       0       20     100      40      0       0       0       0       0       0       0       0       0      160
   P5      0       0       0       0       0       0       60     100      0       0       0       0       0       0       0       0      160
   P6      0       0       0       0       0       0       0       0      100      60      0       0       0       0       0       0      160
   P7      0       0       0       0       0       0       0       0       0       40     100      20      0       0       0       0      160
   P8      0       0       0       0       0       0       0       0       0       0       0       80      80      0       0       0      160
   P9      0       0       0       0       0       0       0       0       0       0       0       0       20     100      40      0      160
  P10      0       0       0       0       0       0       0       0       0       0       0       0       0       0       60     100     160
------------------------------------------------------------------------------------------------------------------------------------------------
 Demand   100     100     100     100     100     100     100     100     100     100     100     100     100     100     100     100
------------------------------------------------------------------------------------------------------------------------------------------------

Initial transport cost: 154400

----------------------------------------------------------------------
Stepping-stone method with potentials
Iteration 1

[Basis] 160 basic cells non-degenerate proposal

Potential costs and marginal costs:
----------------------------------------------------------------------------------------------------------------------------------------------------------------------------------------------------------------------------------------------------------------------------------------------------------------------------------------------------------
           C1(pot)   C2(pot)   C3(pot)   C4(pot)   C5(pot)   C6(pot)   C7(pot)   C8(pot)   C9(pot)   C10(pot)  C11(pot)  C12(pot)  C13(pot)  C14(pot)  C15(pot)  C16(pot)   |   C1(marg)  C2(marg)  C3(marg)  C4(marg)  C5(marg)  C6(marg)  C7(marg)  C8(marg)  C9(marg) C10(marg) C11(marg) C12(marg) C13(marg) C14(marg) C15(marg) C16(marg)
----------------------------------------------------------------------------------------------------------------------------------------------------------------------------------------------------------------------------------------------------------------------------------------------------------------------------------------------------------
    P1       186       185       184       183       182       181       180       179       178       177       176       175       174       173       172       171      |      0         0         0         0         0         0         0         0         0         0         0         0         0         0         0         0
    P2       166       165       164       163       162       161       160       159       158       157       156       155       154       153       152       151      |      0         0         0         0         0         0         0         0         0         0         0         0         0         0         0         0
    P3       156       155       154       153       152       151       150       149       148       147       146       145       144       143       142       141      |      0         0         0         0         0         0         0         0         0         0         0         0         0         0         0         0
    P4       136       135       134       133       132       131       130       129       128       127       126       125       124       123       122       121      |      0         0         0         0         0         0         0         0         0         0         0         0         0         0         0         0
    P5       116       115       114       113       112       111       110       109       108       107       106       105       104       103       102       101      |      0         0         0         0         0         0         0         0         0         0         0         0         0         0         0         0
    P6        96        95        94        93        92        91        90        89        88        87        86        85        84        83        82        81      |      0         0         0         0         0         0         0         0         0         0         0         0         0         0         0         0
    P7        76        75        74        73        72        71        70        69        68        67        66        65        64        63        62        61      |      0         0         0         0         0         0         0         0         0         0         0         0         0         0         0         0
    P8        56        55        54        53        52        51        50        49        48        47        46        45        44        43        42        41      |      0         0         0         0         0         0         0         0         0         0         0         0         0         0         0         0
    P9        36        35        34        33        32        31        30        29        28        27        26        25        24        23        22        21      |      0         0         0         0         0         0         0         0         0         0         0         0         0         0         0         0
   P10        16        15        14        13        12        11        10        9         8         7         6         5         4         3         2         1       |      0         0         0         0         0         0         0         0         0         0         0         0         0         0         0         0
----------------------------------------------------------------------------------------------------------------------------------------------------------------------------------------------------------------------------------------------------------------------------------------------------------------------------------------------------------

All marginal costs >= 0: optimal solution reached.

----------------------------------------------------------------------
Optimal Solution:

Transport proposal:
------------------------------------------------------------------------------------------------------------------------------------------------
           C1      C2      C3      C4      C5      C6      C7      C8      C9     C10     C11     C12     C13     C14     C15     C16    Supply
------------------------------------------------------------------------------------------------------------------------------------------------
   P1     100      60      0       0       0       0       0       0       0       0       0       0       0       0       0       0      160
   P2      0       40     100      20      0       0       0       0       0       0       0       0       0       0       0       0      160
   P3      0       0       0       80      80      0       0       0       0       0       0       0       0       0       0       0      160
   P4      0       0       0       0       20     100      40      0       0       0       0       0       0       0       0       0      160
   P5      0       0       0       0       0       0       60     100      0       0       0       0       0       0       0       0      160
   P6      0       0       0       0       0       0       0       0      100      60      0       0       0       0       0       0      160
   P7      0       0       0       0       0       0       0       0       0       40     100      20      0       0       0       0      160
   P8      0       0       0       0       0       0       0       0       0       0       0       80      80      0       0       0      160
   P9      0       0       0       0       0       0       0       0       0       0       0       0       20     100      40      0      160
  P10      0       0       0       0       0       0       0       0       0       0       0       0       0       0       60     100     160
------------------------------------------------------------------------------------------------------------------------------------------------
 Demand   100     100     100     100     100     100     100     100     100     100     100     100     100     100     100     100
------------------------------------------------------------------------------------------------------------------------------------------------

Minimum transport cost: 154400
----------------------------------------------------------------------