What type of transportation problem do you want to use?
1. Pre-made problems (1–12)
2. Generate a random problem (complexity study)
  > 1
Enter problem number (1–12): 11
tab_11.txt

Constraint table:
------------------------------------------------------------------------
        C1    C2    C3    C4    C5    C6    C7    C8    C9   C10  Supply
------------------------------------------------------------------------
  P1    1     2     3     4     5     6     7     8     9     10    10
  P2    11    12    13    14    15    16    17    18    19    20    20
  P3    21    22    23    24    25    26    27    28    29    30    30
  P4    31    32    33    34    35    36    37    38    39    40    40
  P5    41    42    43    44    45    46    47    48    49    50    50
  P6    51    52    53    54    55    56    57    58    59    60    60
  P7    61    62    63    64    65    66    67    68    69    70    70
  P8    71    72    73    74    75    76    77    78    79    80    80
  P9    81    82    83    84    85    86    87    88    89    90    90
 P10    91    92    93    94    95    96    97    98    99   100   100
 P11   101   102   103   104   105   106   107   108   109   110   110
 P12   111   112   113   114   115   116   117   118   119   120   120
 P13   121   122   123   124   125   126   127   128   129   130   130
 P14   131   132   133   134   135   136   137   138   139   140   140
 P15   141   142   143   144   145   146   147   148   149   150   150
 P16   151   152   153   154   155   156   157   158   159   160   160
 P17   161   162   163   164   165   166   167   168   169   170   170
 P18   171   172   173   174   175   176   177   178   179   180   180
 P19   181   182   183   184   185   186   187   188   189   190   190
 P20   191   192   193   194   195   196   197   198   199   200   200
------------------------------------------------------------------------
Demand 120   140   160   180   200   220   240   260   280   300
------------------------------------------------------------------------

[Equilibrium] Supply equals demand

Which algorithm should be used to build the initial proposal?
1. North-West
2. Balas-Hammer
  > 2

[Balas-Hammer] Initial proposal built.

Initial transport proposal:
------------------------------------------------------------------------------------------------
           C1      C2      C3      C4      C5      C6      C7      C8      C9     C10    Supply
------------------------------------------------------------------------------------------------
   P1      10      0       0       0       0       0       0       0       0       0       10
   P2      20      0       0       0       0       0       0       0       0       0       20
   P3      30      0       0       0       0       0       0       0       0       0       30
   P4      40      0       0       0       0       0       0       0       0       0       40
   P5      20      30      0       0       0       0       0       0       0       0       50
   P6      0       60      0       0       0       0       0       0       0       0       60
   P7      0       50      20      0       0       0       0       0       0       0       70
   P8      0       0       80      0       0       0       0       0       0       0       80
   P9      0       0       60      30      0       0       0       0       0       0       90
  P10      0       0       0      100      0       0       0       0       0       0      100
  P11      0       0       0       50      60      0       0       0       0       0      110
  P12      0       0       0       0      120      0       0       0       0       0      120
  P13      0       0       0       0       20     110      0       0       0       0      130
  P14      0       0       0       0       0      110      30      0       0       0      140
  P15      0       0       0       0       0       0      150      0       0       0      150
  P16      0       0       0       0       0       0       60     100      0       0      160
  P17      0       0       0       0       0       0       0      160      10      0      170
  P18      0       0       0       0       0       0       0       0      180      0      180
  P19      0       0       0       0       0       0       0       0       90     100     190
  P20      0       0       0       0       0       0       0       0       0      200     200
------------------------------------------------------------------------------------------------
 Demand   120     140     160     180     200     220     240     260     280     300
------------------------------------------------------------------------------------------------

Initial transport cost: 279200

----------------------------------------------------------------------
Stepping-stone method with potentials
Iteration 1

[Basis] 200 basic cells non-degenerate proposal

Potential costs and marginal costs:
----------------------------------------------------------------------------------------------------------------------------------------------------------------------------------------------------------------------------------
           C1(pot)   C2(pot)   C3(pot)   C4(pot)   C5(pot)   C6(pot)   C7(pot)   C8(pot)   C9(pot)   C10(pot)   |   C1(marg)  C2(marg)  C3(marg)  C4(marg)  C5(marg)  C6(marg)  C7(marg)  C8(marg)  C9(marg) C10(marg)
----------------------------------------------------------------------------------------------------------------------------------------------------------------------------------------------------------------------------------
    P1        1         2         3         4         5         6         7         8         9         10      |      0         0         0         0         0         0         0         0         0         0
    P2        11        12        13        14        15        16        17        18        19        20      |      0         0         0         0         0         0         0         0         0         0
    P3        21        22        23        24        25        26        27        28        29        30      |      0         0         0         0         0         0         0         0         0         0
    P4        31        32        33        34        35        36        37        38        39        40      |      0         0         0         0         0         0         0         0         0         0
    P5        41        42        43        44        45        46        47        48        49        50      |      0         0         0         0         0         0         0         0         0         0
    P6        51        52        53        54        55        56        57        58        59        60      |      0         0         0         0         0         0         0         0         0         0
    P7        61        62        63        64        65        66        67        68        69        70      |      0         0         0         0         0         0         0         0         0         0
    P8        71        72        73        74        75        76        77        78        79        80      |      0         0         0         0         0         0         0         0         0         0
    P9        81        82        83        84        85        86        87        88        89        90      |      0         0         0         0         0         0         0         0         0         0
   P10        91        92        93        94        95        96        97        98        99       100      |      0         0         0         0         0         0         0         0         0         0
   P11       101       102       103       104       105       106       107       108       109       110      |      0         0         0         0         0         0         0         0         0         0
   P12       111       112       113       114       115       116       117       118       119       120      |      0         0         0         0         0         0         0         0         0         0
   P13       121       122       123       124       125       126       127       128       129       130      |      0         0         0         0         0         0         0         0         0         0
   P14       131       132       133       134       135       136       137       138       139       140      |      0         0         0         0         0         0         0         0         0         0
   P15       141       142       143       144       145       146       147       148       149       150      |      0         0         0         0         0         0         0         0         0         0
   P16       151       152       153       154       155       156       157       158       159       160      |      0         0         0         0         0         0         0         0         0         0
   P17       161       162       163       164       165       166       167       168       169       170      |      0         0         0         0         0         0         0         0         0         0
   P18       171       172       173       174       175       176       177       178       179       180      |      0         0         0         0         0         0         0         0         0         0
   P19       181       182       183       184       185       186       187       188       189       190      |      0         0         0         0         0         0         0         0         0         0
   P20       191       192       193       194       195       196       197       198       199       200      |      0         0         0         0         0         0         0         0         0         0
----------------------------------------------------------------------------------------------------------------------------------------------------------------------------------------------------------------------------------

All marginal costs >= 0: optimal solution reached.

----------------------------------------------------------------------
Optimal Solution:

Transport proposal:
------------------------------------------------------------------------------------------------
           C1      C2      C3      C4      C5      C6      C7      C8      C9     C10    Supply
------------------------------------------------------------------------------------------------
   P1      10      0       0       0       0       0       0       0       0       0       10
   P2      20      0       0       0       0       0       0       0       0       0       20
   P3      30      0       0       0       0       0       0       0       0       0       30
   P4      40      0       0       0       0       0       0       0       0       0       40
   P5      20      30      0       0       0       0       0       0       0       0       50
   P6      0       60      0       0       0       0       0       0       0       0       60
   P7      0       50      20      0       0       0       0       0       0       0       70
   P8      0       0       80      0       0       0       0       0       0       0       80
   P9      0       0       60      30      0       0       0       0       0       0       90
  P10      0       0       0      100      0       0       0       0       0       0      100
  P11      0       0       0       50      60      0       0       0       0       0      110
  P12      0       0       0       0      120      0       0       0       0       0      120
  P13      0       0       0       0       20     110      0       0       0       0      130
  P14      0       0       0       0       0      110      30      0       0       0      140
  P15      0       0       0       0       0       0      150      0       0       0      150
  P16      0       0       0       0       0       0       60     100      0       0      160
  P17      0       0       0       0       0       0       0      160      10      0      170
  P18      0       0       0       0       0       0       0       0      180      0      180
  P19      0       0       0       0       0       0       0       0       90     100     190
  P20      0       0       0       0       0       0       0       0       0      200     200
------------------------------------------------------------------------------------------------
 Demand   120     140     160     180     200     220     240     260     280     300
------------------------------------------------------------------------------------------------

Minimum transport cost: 279200
----------------------------------------------------------------------